130 281
W 0 0
W 1 74923200000000000
W 2 100 
W 3 0
W 4 135.37
W 5 0
W 6 0
W 7 0
W 8 0
W 9 0
W 10 0
W 11 124.4
W 12 50
W 13 7
W 14 5
W 15 4.2857
W 16 0
W 17 0
W 18 0
W 19 0
W 20 100
W 21 100
W 22 100
W 23 100
W 24 100
W 25 100
W 26 100
W 27 100
W 28 100
W 29 100
W 30 100
W 31 100
W 32 100
W 33 100
W 34 100
W 35 0
W 36 0
W 37 0.0000235
W 38 0.0000796
W 39 0.0002489
W 40 0.0007407
W 41 0.0022145
W 42 0.00649903
W 43 0.019398
W 44 0.05854
W 45 0.173131
W 46 0.51374
W 47 1.4854
W 48 4.1696
W 49 11.8918
W 50 31.399
W 51 69.45
W 52 138.453
W 53 227.155
W 54 213.861
W 55 0.000013
W 56 74923200000000000
W 57 0.000014727
W 58 74923200000000000
W 59 0
W 60 74923200000000000
W 61 1
W 62 1
W 63 0.1
W 64 50
W 65 10
W 66 8.5
W 67 0
W 68 0
W 69 0.0000025
W 70 32.5
W 71 50
W 72 0
W 73 10
W 74 5
W 75 5 
W 76 5
W 77 0
W 78 0
W 79 0
W 80 0
W 81 0
W 82 1.558
W 83 3.225
W 84 2.688
W 85 2.767
W 86 3.209
W 87 4.041
W 88 5.156
W 89 6.022
W 90 100
W 91 0.025
W 92 0
W 93 0
W 94 0.087
W 95 0.421
W 96 1.244
W 97 3.097
W 98 6.097
W 99 12.783
W 100 17.783
W 101 28.436
W 102 23.436
W 103 8.86686
W 104 10
W 105 30.48
W 106 48.47
W 107 12.62
W 108 21.67
W 109 0
W 110 3.5
W 111 4
W 112 17.5
W 113 17.5
W 114 0
W 115 499.1354
W 116 14.2857
W 117 4.2857
W 118 10
W 119 0
W 120 0.2175
W 121 0.2175
W 122 0.275
W 123 100
W 124 1
W 125 0.2175
W 126 25
W 127 42.33
W 128 32.85
W 129 30.27
I 0 1 1
I 1 2 100
I 1 11 100
I 1 16 500
I 1 55 77
I 1 66 9
I 1 77 9
I 1 82 1
I 1 104 3
I 2 3 999999
I 2 4 1111
I 4 5 111111
I 4 6 111111
I 4 7 111111
I 4 8 111111
I 4 9 111111
I 5 10 1111111111
I 6 10 1111111111
I 7 10 1111111111
I 8 10 1111111111
I 9 10 1111111111
I 11 12 20000
I 12 13 3000000
I 13 14 400000000
I 14 15 50000000000
I 16 17 900000
I 17 18 2000000
I 18 19 5000000
I 19 20 10000000
I 20 21 1810000000
I 20 35 15000000
I 21 22 3788000000
I 22 23 327680000000
I 23 24 1747000000000
I 24 25 6857000000000
I 25 26 21789000000000
I 26 27 59316000000000
I 27 28 143489000000000
I 28 29 316228000000000
I 29 30 646316000000000
I 30 31 1241000000000000
I 31 32 2262000000000000
I 32 33 3944000000000000
I 33 34 6617000000000000
I 35 36 1920000000
I 36 37 32805000000
I 37 38 245760000000
I 38 39 1172000000000
I 39 40 4199000000000
I 40 41 12353000000000
I 41 42 31457000000000
I 42 43 71745000000000
I 43 44 150000000000000
I 44 45 292308000000000
I 45 46 537477000000000
I 46 47 941228000000000
I 47 48 1581000000000000
I 48 49 2563000000000000
I 49 50 4027000000000000
I 50 51 6155000000000000
I 51 52 9183000000000000
I 52 53 13408000000000000
I 53 54 19200000000000000
I 55 56 777
I 55 57 777
I 55 64 999
I 56 58 77777
I 57 58 77777
I 57 59 7777
I 58 60 77777777
I 59 60 77777777
I 59 61 99999
I 59 62 99999
I 61 63 399999
I 62 63 399999
I 63 69 7777777
I 64 65 99999
I 65 67 100000000000
I 66 67 100000000000
I 68 81 100000000000
I 69 70 77777777
I 69 71 1000000000
I 71 72 15000000000
I 71 73 15000000000
I 73 74 150000000000
I 74 75 1500000000000
I 75 76 1500000000000000
I 77 78 99
I 77 80 1000000
I 78 79 10000000
I 79 81 100000000000
I 80 81 100000000000
I 82 83 7
I 82 94 7
I 83 84 49
I 84 85 343
I 85 86 2401
I 86 87 16807
I 86 90 9000
I 86 101 222222
I 87 88 117649
I 88 89 823543
I 88 102 2222222
I 89 103 40354000
I 90 91 9000000000
I 90 92 9000000000
I 92 93 900000000000
I 94 95 49
I 95 96 343
I 96 97 2401
I 96 111 555555
I 97 98 16807
I 97 101 222222
I 98 99 117649
I 99 100 823543
I 99 102 2222222
I 100 103 40354000
I 100 102 2222222
I 101 102 2222222
I 102 103 40354000
I 104 105 25
I 104 106 25
I 104 107 25
I 104 108 25
I 105 109 50
I 106 109 50
I 107 109 50
I 108 109 50
I 109 110 55555
I 109 114 5000
I 110 111 555555
I 110 112 5555555555
I 112 113 55555555555
I 114 115 44444
I 115 116 444444
I 115 117 444444
I 116 118 6666666
I 117 118 6666666
I 118 119 100000000
I 118 120 100000000
I 120 121 300000000
I 120 123 200000000
I 121 122 1000000000
I 121 125 600000000
I 123 124 400000000
I 123 126 1000000000
I 124 125 600000000
I 126 127 333333333333
I 126 128 333333333333
I 126 129 333333333333